option = {
  title: {
    text: 'Wine and Meat spending vs total spending',
    subtext: 'Data From 5 Campaigns'
  },
  grid: {
    left: '3%',
    right: '7%',
    bottom: '7%',
    containLabel: true
  },
  tooltip: {
    // trigger: 'axis',
    showDelay: 0,
    formatter: function (params) {
      if (params.value.length > 1) {
        return (
          params.seriesName +
          ' :<br/>' +
          params.value[0] +
          '$ Total Spending | ' +
          params.value[1] +
          '$ On Item '
        );
      } else {
        return (
          params.seriesName +
          ' :<br/>' +
          params.name +
          ' : ' +
          params.value +
          '$ '
        );
      }
    },
    axisPointer: {
      show: true,
      type: 'cross',
      lineStyle: {
        type: 'dashed',
        width: 1
      }
    }
  },
  toolbox: {
    feature: {
      dataZoom: {},
      brush: {
        type: ['rect', 'polygon', 'clear']
      }
    }
  },
  brush: {},
  legend: {
    data: ['Wine', 'Meat'],
    left: 'center',
    bottom: 10
  },
  xAxis: [
    {
      type: 'value',
      scale: true,
      axisLabel: {
        formatter: '{value} $'
      },
      splitLine: {
        show: false
      }
    }
  ],
  yAxis: [
    {
      type: 'value',
      scale: true,
      axisLabel: {
        formatter: '{value} $'
      },
      splitLine: {
        show: false
      }
    }
  ],
  series: [
    {
      name: 'Wine',
      type: 'scatter',
      emphasis: {
        focus: 'series'
      },
      // prettier-ignore
      data: [[5, 2], [6, 2], [8, 1], [8, 4], [8, 7], [9, 5], [10, 2], [10, 5], [10, 6], [11, 1], [11, 2], [11, 6], [11, 8], 
      [11, 10], [12, 6], [12, 8], [13, 2], [13, 4], [13, 5], [13, 9], [14, 0], [14, 3], [15, 0], [15, 4], [15, 5], [15, 6], 
      [15, 8], [15, 11], [16, 0], [16, 4], [16, 6], [16, 9], [16, 10], [16, 12], [16, 13], [16, 14], [17, 1], [17, 2], [17, 4], 
      [17, 5], [17, 9], [17, 10], [17, 11], [17, 12], [18, 0], [18, 1], [18, 3], [18, 5], [18, 7], [18, 8], [18, 14], [19, 0], 
      [19, 3], [19, 5], [19, 10], [19, 12], [20, 0], [20, 3], [20, 5], [20, 7], [20, 8], [20, 10], [20, 11], [20, 14], [20, 16], 
      [21, 1], [21, 5], [21, 8], [21, 9], [21, 12], [21, 14], [21, 15], [21, 17], [22, 2], [22, 3], [22, 5], [22, 6], [22, 7], 
      [22, 8], [22, 9], [22, 18], [23, 4], [23, 8], [23, 9], [23, 11], [23, 12], [23, 14], [23, 15], [23, 18], [24, 1], [24, 2], 
      [24, 5], [24, 21], [25, 2], [25, 4], [25, 6], [25, 7], [25, 9], [25, 11], [25, 12], [26, 0], [26, 3], [26, 4], [26, 14], 
      [27, 2], [27, 3], [27, 10], [27, 11], [27, 17], [28, 1], [28, 4], [28, 5], [28, 6], [28, 11], [29, 0], [29, 1], [29, 2], 
      [29, 6], [29, 7], [29, 13], [30, 3], [30, 5], [30, 6], [30, 8], [30, 9], [30, 10], [30, 19], [31, 1], [31, 3], [31, 5], [31, 9], 
      [31, 10], [31, 20], [32, 1], [32, 2], [32, 6], [32, 12], [32, 13], [32, 15], [32, 19], [32, 23], [32, 24], [32, 28], [32, 29], 
      [33, 1], [33, 10], [33, 11], [33, 24], [34, 0], [34, 1], [34, 2], [34, 5], [34, 8], [34, 9], [34, 15], [34, 18], [34, 26], 
      [35, 6], [35, 8], [35, 12], [35, 18], [35, 24], [35, 27], [36, 1], [36, 7], [36, 10], [36, 14], [36, 22], [37, 2], [37, 4], 
      [37, 10], [37, 12], [37, 15], [37, 22], [37, 24], [37, 25], [37, 26], [38, 2], [38, 3], [38, 6], [38, 8], [38, 10], [38, 13], 
      [38, 17], [38, 22], [38, 25], [38, 32], [38, 33], [39, 9], [39, 13], [39, 18], [39, 25],
      [39, 35], [40, 13], [40, 23], [40, 26], [40, 27], [40, 28], [40, 29], [41, 4], [41, 8], [41, 11], 
      [41, 12], [41, 19], [41, 23], [41, 24], [41, 27], [41, 29], [41, 34], [42, 5], [42, 8], [42, 11], [42, 13], [42, 22], [42, 25], 
      [42, 30], [42, 36], [43, 1], [43, 2], [43, 3], [43, 11], [43, 17], [43, 19], [43, 22], [43, 26], [43, 27], [43, 29], [44, 2],
      [44, 6], [44, 8], [44, 12], [44, 15], [44, 16], [44, 19], [44, 20], [44, 22], [44, 23], [44, 30], [45, 4], [45, 5], [45, 8], 
      [45, 15], [45, 18], [45, 19], [45, 20], [45, 23], [45, 27], [45, 29], [45, 31], [46, 1], [46, 2], [46, 3], [46, 4], [46, 11], 
      [46, 13], [46, 14], [46, 19], [46, 21], [46, 22], [46, 26], [46, 31], [46, 38], [47, 0], [47, 5], [47, 9], [47, 18], [47, 21],
      [47, 23], [47, 30], [47, 32], [48, 3], [48, 9], [48, 12], [48, 13], [48, 14], [48, 16], [48, 19], [48, 28], [48, 31], [48, 35],
      [49, 9], [49, 12], [49, 15], [49, 20], [49, 22], [49, 28], [49, 35], [50, 2], [50, 3], [50, 4], [50, 6], [50, 7], [50, 10], 
      [50, 37], [51, 2], [51, 3], [51, 13], [51, 15], [51, 21], [51, 27], [52, 7], [52, 18], [52, 20], [52, 27], [52, 35], [53, 2],
      [53, 3], [53, 7], [53, 8], [53, 11], [53, 13], [53, 20], [53, 33], [54, 1], [54, 9], [54, 15], [54, 16], [54, 22], [54, 23],
      [54, 25], [54, 26], [54, 30], [54, 34], [54, 35], [54, 41], [55, 3], [55, 5], [55, 7], [55, 8], [55, 13], [55, 18], [55, 22], 
      [55, 28], [55, 38], [55, 41], [55, 46], [55, 48], [56, 4], [56, 16], [56, 17], [56, 22], [57, 0], [57, 4], [57, 5], [57, 6], 
      [57, 8], [57, 12], [57, 19], [57, 20], [57, 23], [57, 25], [57, 37], [58, 2], [58, 4], [58, 10], [59, 1], [59, 14], [59, 23],
      [59, 25], [60, 6], [60, 16], [60, 24], [61, 6], [61, 7], [61, 11], [61, 20], [61, 24], [61, 29], [61, 39], [62, 6], [62, 10], 
      [62, 19], [62, 25], [62, 26], [62, 36], [62, 52], [63, 4], [63, 10], [63, 16], [63, 17], [63, 27], [63, 28], [63, 29], [63, 31],
      [63, 34], [63, 38], [63, 51], [63, 53], [64, 2], [64, 7], [64, 13], [64, 14], [64, 16], [64, 23], [65, 8], [65, 14], [65, 21],
      [65, 40], [65, 54], [66, 3], [66, 7], [66, 11], [66, 14], [66, 26], [66, 33], [66, 47], [66, 54], [67, 10], [67, 12], [67, 16], 
      [67, 29], [67, 30], [67, 55], [68, 2], [68, 5], [68, 8], [68, 9], [68, 19], [68, 27], [68, 42], [68, 48], [68, 56], [69, 2], 
      [69, 4], [69, 5], [69, 6], [69, 14], [69, 44], [70, 2], [70, 15], [70, 19], [70, 23], [70, 26], [70, 45], [71, 7], [71, 22], 
      [71, 40], [71, 46], [71, 51], [71, 61], [72, 3], [72, 8], [72, 12], [72, 25], [72, 33], [72, 45], [72, 53], [72, 56], [73, 2],
      [73, 38], [74, 2], [74, 18], [74, 23], [75, 2], [75, 5], [75, 6], [75, 19], [75, 22], [75, 56], [76, 6], [76, 18], [76, 19], 
      [76, 21], [76, 29], [76, 30], [77, 4], [77, 15], [77, 29], [77, 42], [78, 2], [78, 3], [78, 11], [78, 22], [78, 30], [78, 41], 
      [79, 4], [79, 11], [79, 14], [79, 25], [79, 31], [79, 45], [80, 1], [80, 4], [80, 10], [80, 34], [81, 3], [81, 4], [81, 6], 
      [81, 12], [81, 19], [81, 24], [81, 39], [81, 59], [82, 8], [83, 35], [83, 46], [84, 7], [84, 24], [84, 25], [84, 34], [84, 36], 
      [85, 32], [86, 6], [86, 39], [86, 56], [87, 51], [87, 73], [88, 6], [88, 18], [88, 58], [88, 71], [89, 5], [89, 15], [90, 37],
      [90, 38], [90, 62], [90, 70], [91, 6], [91, 23], [91, 44], [91, 46], [91, 51], [92, 16], [92, 40], [92, 46], [92, 50], [92, 56],
      [92, 68], [93, 10], [93, 43], [93, 70], [93, 81], [94, 19], [94, 30], [94, 43], [94, 62], [95, 10], [95, 15], [95, 17], [95, 85], 
      [96, 2], [96, 6], [96, 10], [96, 53], [96, 69], [96, 78], [97, 39], [97, 71], [98, 19], [99, 24], [99, 33], [99, 37], [99, 76], 
      [99, 78], [100, 5], [100, 40], [100, 65], [101, 1], [101, 6], [101, 40], [102, 3], [102, 4], [102, 30], [102, 44], [102, 71], 
      [103, 1], [103, 5], [103, 6], [103, 8], [103, 19], [103, 63], [103, 68], [106, 3], [106, 5], [106, 28], [106, 40], [106, 53],
      [107, 1], [108, 66], [109, 13], [109, 25], [112, 6], [112, 53], [114, 30], [114, 62], [114, 64], [114, 70], [115, 16], [116, 81], 
      [116, 105], [117, 50], [119, 10], [119, 46], [119, 59], [120, 7], [120, 57], [120, 110], [121, 53], [121, 67], [121, 105],
      [122, 3], [122, 30], [122, 43], [122, 80], [122, 98], [122, 99], [123, 37], [124, 48], [125, 14], [125, 31], [125, 74], [126, 92], 
      [127, 42], [128, 12], [129, 28], [129, 66], [129, 80], [130, 97], [131, 20], [131, 36], [131, 79], [132, 99], [133, 4], [133, 35], 
      [133, 68], [133, 87], [134, 42], [134, 69], [135, 23], [135, 112], [137, 18], [137, 34], [137, 39], [137, 107], [138, 65], 
      [138, 67], [139, 37], [139, 57], [140, 48], [140, 62], [141, 56], [143, 37], [144, 93], [144, 102], [145, 46], [145, 56], [145, 76], 
      [146, 88], [147, 35], [147, 38], [148, 85], [149, 80], [149, 128], [151, 130], [152, 95], [152, 100], [152, 132], [153, 70], 
      [155, 108], [156, 29], [156, 77], [157, 144], [158, 129], [159, 86], [160, 68], [160, 87], [161, 50], [162, 30], [162, 42],
      [162, 68], [163, 67], [165, 64], [165, 94], [165, 111], [167, 51], [167, 80], [169, 45], [169, 76], [170, 28], [170, 97], 
      [171, 79], [172, 56], [172, 84], [173, 16], [174, 63], [174, 77], [174, 85], [175, 72], [176, 8], [177, 31], [177, 51], [177, 84], [178, 63], [178, 73], [180, 70], [180, 91], [
        182, 48], [182, 117], [183, 43],[183, 145],
[184, 77],
[184, 136],
[185, 104],
[185, 135],
[185, 155],
[186, 81],
[186, 96],
[187, 112],
[187, 144],
[188, 97],
[189, 110],
[189, 131],
[191, 41],
[191, 152],
[192, 76],
[193, 28],
[194, 135],
[195, 104],
[195, 140],
[198, 62],
[198, 111],
[199, 102],
[199, 158],
[201, 63],
[203, 171],
[205, 24],
[207, 161],
[209, 52],
[209, 56],
[209, 102],
[210, 32],
[210, 45],
[211, 73],
[211, 87],
[211, 109],
[213, 88],
[215, 159],
[215, 203],
[216, 127],
[217, 112],
[218, 210],
[219, 97],
[221, 158],
[222, 68],
[222, 95],
[222, 140],
[223, 45],
[223, 100],
[224, 123],
[225, 184],
[227, 86],
[227, 145],
[231, 51],
[231, 97],
[231, 167],
[232, 99],
[233, 99],
[233, 216],
[235, 125],
[235, 134],
[235, 163],
[235, 185],
[236, 122],
[236, 127],
[237, 143],
[237, 162],
[240, 90],
[240, 167],
[241, 72],
[241, 154],
[242, 138],
[244, 50],
[244, 159],
[246, 125],
[251, 134],
[252, 194],
[253, 153],
[254, 159],
[255, 135],
[257, 116],
[257, 173],
[258, 154],
[259, 212],
[260, 112],
[263, 16],
[263, 96],
[263, 182],
[263, 189],
[264, 178],
[264, 199],
[264, 224],
[265, 106],
[265, 116],
[265, 189],
[265, 202],
[266, 162],
[266, 173],
[266, 213],
[267, 211],
[268, 101],
[268, 233],
[269, 104],
[269, 206],
[269, 209],
[270, 67],
[270, 100],
[270, 143],
[270, 183],
[270, 192],
[271, 215],
[272, 155],
[273, 80],
[274, 35],
[274, 89],
[275, 60],
[275, 167],
[275, 177],
[275, 198],
[277, 6],
[278, 241],
[279, 112],
[279, 154],
[279, 200],
[279, 220],
[282, 151],
[283, 182],
[284, 144],
[285, 182],
[289, 201],
[290, 91],
[292, 167],
[293, 81],
[294, 129],
[296, 138],
[296, 157],
[297, 223],
[299, 48],
[299, 139],
[300, 141],
[301, 213],
[302, 96],
[304, 205],
[305, 135],
[306, 212],
[306, 279],
[309, 185],
[310, 99],
[310, 183],
[310, 233],
[311, 82],
[311, 158],
[311, 202],
[312, 32],
[312, 199],
[312, 224],
[313, 39],
[315, 219],
[315, 229],
[315, 235],
[316, 73],
[316, 86],
[317, 84],
[317, 187],
[318, 112],
[318, 199],
[319, 172],
[320, 274],
[322, 138],
[322, 280],
[324, 43],
[324, 172],
[325, 158],
[326, 166],
[326, 179],
[330, 110],
[331, 90],
[331, 174],
[332, 146],
[334, 138],
[335, 213],
[339, 141],
[341, 46],
[343, 65],
[343, 244],
[347, 238],
[348, 164],
[350, 121],
[350, 156],
[351, 152],
[353, 205],
[354, 204],
[357, 172],
[358, 173],
[358, 179],
[359, 16],
[361, 267],
[362, 254],
[363, 309],
[365, 219],
[367, 70],
[367, 284],
[368, 224],
[369, 85],
[369, 88],
[369, 98],
[371, 283],
[372, 292],
[373, 67],
[373, 215],
[377, 172],
[377, 229],
[380, 123],
[382, 130],
[382, 175],
[384, 165],
[385, 191],
[388, 267],
[390, 248],
[392, 208],
[393, 83],
[393, 121],
[393, 275],
[395, 239],
[395, 301],
[396, 234],
[396, 298],
[396, 347],
[397, 170],
[397, 272],
[397, 284],
[398, 163],
[400, 229],
[401, 91],
[401, 194],
[401, 243],
[401, 266],
[401, 365],
[404, 308],
[404, 352],
[405, 161],
[405, 284],
[405, 318],
[406, 90],
[406, 252],
[407, 268],
[409, 181],
[410, 135],
[411, 206],
[411, 292],
[411, 350],
[413, 239],
[414, 110],
[414, 162],
[414, 200],
[415, 171],
[415, 254],
[415, 280],
[416, 81],
[416, 159],
[417, 100],
[418, 293],
[421, 125],
[422, 173],
[424, 162],
[424, 322],
[425, 269],
[426, 88],
[428, 208],
[429, 233],
[431, 141],
[433, 231],
[433, 293],
[434, 7],
[434, 261],
[436, 216],
[436, 244],
[437, 188],
[438, 349],
[441, 262],
[441, 315],
[442, 141],
[443, 120],
[443, 228],
[444, 270],
[444, 406],
[446, 408],
[446, 416],
[447, 160],
[448, 171],
[449, 33],
[449, 350],
[450, 185],
[450, 264],
[450, 301],
[454, 296],
[455, 154],
[458, 411],
[459, 295],
[460, 275],
[460, 346],
[461, 71],
[461, 178],
[461, 204],
[463, 120],
[463, 338],
[467, 34],
[467, 73],
[467, 167],
[467, 288],
[467, 380],
[467, 400],
[468, 229],
[470, 270],
[470, 277],
[473, 173],
[473, 399],
[475, 115],
[480, 349],
[482, 171],
[484, 226],
[485, 113],
[486, 121],
[486, 305],
[486, 383],
[488, 157],
[490, 370],
[491, 230],
[492, 314],
[493, 456],
[493, 459],
[494, 247],
[495, 376],
[496, 239],
[496, 462],
[497, 75],
[497, 158],
[499, 457],
[500, 297],
[502, 376],
[504, 373],
[506, 281],
[506, 397],
[507, 245],
[507, 255],
[507, 378],
[515, 342],
[518, 447],
[518, 451],
[519, 376],
[521, 162],
[521, 302],
[523, 152],
[525, 369],
[526, 458],
[527, 367],
[528, 158],
[529, 167],
[530, 279],
[530, 371],
[534, 153],
[535, 448],
[541, 410],
[542, 335],
[542, 421],
[542, 516],
[544, 384],
[545, 172],
[545, 191],
[546, 293],
[546, 509],
[551, 378],
[556, 508],
[557, 179],
[559, 162],
[561, 256],
[561, 313],
[562, 378],
[562, 391],
[563, 204],
[564, 230],
[564, 245],
[568, 492],
[570, 68],
[573, 330],
[573, 393],
[574, 327],
[575, 254],
[576, 63],
[576, 187],
[576, 297],
[577, 47],
[577, 464],
[578, 492],
[581, 174],
[586, 368],
[586, 443],
[587, 313],
[590, 235],
[594, 410],
[595, 379],
[596, 299],
[597, 509],
[599, 315],
[601, 123],
[602, 180],
[603, 230],
[605, 415],
[606, 328],
[606, 441],
[606, 505],
[606, 546],
[608, 356],
[608, 527],
[610, 464],
[611, 264],
[612, 230],
[612, 344],
[612, 452],
[614, 212],
[615, 189],
[622, 166],
[629, 327],
[630, 424],
[632, 534],
[633, 483],
[634, 182],
[635, 508],
[636, 273],
[636, 512],
[637, 5],
[637, 290],
[637, 537],
[638, 443],
[639, 240],
[641, 151],
[641, 173],
[642, 306],
[653, 124],
[653, 247],
[653, 457],
[654, 392],
[655, 359],
[656, 371],
[656, 488],
[660, 320],
[660, 582],
[661, 492],
[661, 565],
[662, 186],
[662, 198],
[663, 317],
[664, 138],
[664, 365],
[670, 275],
[677, 293],
[679, 580],
[680, 351],
[680, 412],
[682, 504],
[683, 261],
[684, 235],
[684, 454],
[685, 502],
[685, 544],
[688, 494],
[689, 372],
[690, 399],
[691, 538],
[692, 202],
[692, 577],
[693, 404],
[694, 263],
[694, 284],
[702, 201],
[704, 266],
[704, 403],
[708, 243],
[710, 342],
[711, 244],
[714, 520],
[715, 184],
[716, 520],
[721, 375],
[724, 349],
[725, 231],
[725, 236],
[725, 517],
[726, 184],
[727, 374],
[727, 513],
[728, 197],
[728, 513],
[729, 184],
[730, 382],
[730, 490],
[731, 576],
[731, 626],
[732, 176],
[732, 641],
[733, 357],
[733, 490],
[734, 321],
[734, 629],
[735, 502],
[736, 267],
[745, 293],
[746, 388],
[746, 532],
[747, 407],
[747, 539],
[747, 561],
[749, 379],
[751, 604],
[756, 160],
[757, 381],
[758, 180],
[758, 221],
[761, 479],
[763, 402],
[764, 547],
[766, 473],
[767, 479],
[769, 642],
[770, 625],
[772, 593],
[775, 710],
[776, 426],
[777, 227],
[778, 163],
[779, 371],
[787, 554],
[789, 408],
[789, 622],
[792, 71],
[792, 708],
[793, 489],
[793, 631],
[794, 283],
[794, 329],
[795, 308],
[795, 386],
[795, 465],
[797, 316],
[797, 422],
[797, 691],
[798, 654],
[800, 641],
[801, 273],
[802, 545],
[805, 218],
[805, 303],
[809, 448],
[811, 588],
[811, 618],
[813, 324],
[813, 479],
[815, 691],
[816, 217],
[817, 279],
[818, 68],
[819, 526],
[820, 209],
[820, 355],
[823, 340],
[823, 381],
[825, 395],
[825, 420],
[825, 539],
[832, 606],
[833, 203],
[834, 656],
[835, 100],
[835, 495],
[836, 412],
[839, 228],
[841, 459],
[843, 428],
[844, 163],
[845, 554],
[849, 366],
[850, 454],
[854, 675],
[858, 243],
[859, 285],
[859, 397],
[860, 133],
[860, 393],
[860, 553],
[861, 231],
[863, 258],
[868, 315],
[868, 430],
[868, 574],
[869, 524],
[871, 614],
[873, 224],
[874, 520],
[877, 462],
[877, 598],
[879, 714],
[882, 238],
[882, 312],
[882, 387],
[882, 389],
[884, 523],
[889, 129],
[890, 639],
[892, 199],
[893, 522],
[894, 217],
[895, 483],
[895, 504],
[899, 411],
[900, 629],
[900, 691],
[901, 340],
[902, 307],
[902, 437],
[902, 527],
[902, 734],
[903, 664],
[904, 674],
[906, 444],
[906, 746],
[907, 519],
[907, 620],
[908, 635],
[909, 200],
[910, 295],
[913, 702],
[914, 572],
[915, 407],
[916, 801],
[917, 653],
[925, 196],
[926, 161],
[926, 318],
[928, 183],
[928, 595],
[928, 666],
[928, 750],
[929, 686],
[930, 304],
[930, 618],
[932, 526],
[936, 384],
[937, 614],
[938, 336],
[939, 488],
[939, 625],
[940, 204],
[943, 325],
[943, 331],
[945, 225],
[946, 317],
[946, 581],
[948, 712],
[953, 362],
[957, 216],
[957, 466],
[957, 815],
[960, 283],
[960, 354],
[960, 407],
[961, 196],
[963, 603],
[964, 505],
[965, 670],
[966, 819],
[967, 251],
[968, 347],[969, 425],[971, 507],[971, 689],[972, 867],[973, 478],[973, 790],[974, 255],[976, 398],[976, 465],[976, 529],[978, 207],[981, 182],[981, 390],[981, 652],[982, 673],[984, 123],[985, 445],[988, 572],[989, 562],[990, 476],[990, 789],[992, 615],[993, 544],[995, 515],[995, 711],[999, 760],[1001, 493],[1001, 656],[1001, 741],[1003, 255],[1004, 241],[1004, 434],[1005, 571],[1006, 359],[1008, 179],[1008, 378],[1009, 382],[1012, 512],[1013, 742],[1016, 530],[1019, 733],[1020, 258],[1020, 899],[1021, 728],[1021, 888],[1024, 167],[1026, 356],[1027, 294],[1027, 623],[1028, 637],[1029, 371],[1029, 452],[1033, 292],[1033, 620],[1034, 532],[1034, 944],[1038, 750],[1039, 664],[1040, 610],[1042, 389],[1043, 336],[1044, 260],[1045, 247],[1047, 377],[1048, 350],[1048, 418],[1049, 412],[1049, 853],[1052, 209],[1052, 738],[1053, 738],[1060, 735],[1062, 464],[1062, 600],[1064, 445],[1064, 896],[1065, 625],[1065, 747],[1066, 362],[1067, 520],[1068, 438],[1071, 584],[1104,709], [1105,368], [1106,423], [1109,555], [1112,168], [1113,471], [1115,460], [1117,277], [1117,562], [1120,480], [1120,562], [1121,491], [1123,463], [1125,560], [1127,375], [1128,448], [1130,605], [1131,693], [1134,227], [1135,722], [1135,824], [1138,631], [1139,825], [1141,548], [1143,543], [1143,777], [1146,565], [1147,269], [1148,650], [1149,358], [1149,367], [1149,372], [1150,587], [1151,400], [1152,345], [1152,856], [1155,743], [1156,431], [1156,516], [1157,493], [1157,675], [1158,680], [1159,378], [1161,909], [1161,964], [1165,376], [1167,606], [1168,176], [1168,619], [1169,240], [1169,386], [1171,895], [1173,145], [1173,866], [1174,757], [1175,820], [1178,1099], [1179,267], [1179,453], [1179,707], [1180,265], [1182,1103], [1185,440], [1187,267], [1188,546], [1188,800], [1189,1074], [1190,189], [1191,505], [1192,336], [1192,737], [1193,410], [1194,771], [1196,345], [1196,482], [1198,239], [1198,434], [1198,953], [1199,918], [1208,450], [1210,815], [1211,713], [1211,806], [1213,525], [1213,572], [1215,769], [1215,952], [1217,1121], [1220,962], [1226,387], [1226,799], [1228,315], [1229,620], [1230,412], [1230,1050], [1231,536], [1232,1148], [1234,332], [1237,215], [1240,763], [1241,908], [1241,1004], [1242,483], [1244,587], [1245,897], [1250,600], [1250,631], [1250,1166], [1253,496], [1253,571], [1258,420], [1260,384], [1263,493], [1264,934], [1269,928], [1270,344], [1272,344], [1274,688], [1277,1048], [1280,353], [1281,852], [1282,466], [1282,890], [1283,792], [1286,1090], [1288,789], [1289,398], [1291,881], [1293,1001], [1295,265], [1298,1001], [1305,546], [1305,753], [1307,731], [1307,1063], [1313,714], [1314,986], [1315,311], [1315,1006], [1318,847], [1319,482], [1319,621], [1319,826], [1323,712], [1323,760], [1327,533], [1331,503], [1334,912], [1334,1016], [1335,432], [1336,483], [1336,652], [1338,509], [1338,531], [1338,920], [1341,709], [1345,605], [1346,760], [1348,333], [1348,586], [1363,635], [1364,595], [1365,536], [1366,350], [1366,758], [1367,240], [1370,658], [1371,913], [1371,977], [1374,1241], [1375,387], [1376,303], [1376,1115], [1377,1043], [1378,966], [1379,398], [1380,445], [1381,997], [1382,324], [1382,734], [1383,267], [1383,630], [1385,399], [1388,563], [1390,925], [1392,433], [1395,421], [1396,1181], [1400,711], [1401,322], [1401,565], [1410,739], [1415,674], [1416,760], [1423,494], [1424,774], [1427,647], [1428,298], [1428,507], [1429,526], [1435,594], [1435,1076], [1438,712], [1440,709], [1442,797], [1443,656], [1443,931], [1445,1047], [1449,464], [1453,604], [1453,909], [1455,627], [1456,482], [1459,897], [1461,380], [1461,1298], [1464,575], [1471,846], [1472,1126], [1474,822], [1477,736], [1477,965], [1478,292], [1478,395], [1478,604], [1479,675], [1482,796], [1482,860], [1483,794], [1485,1200], [1490,957], [1493,795], [1495,483], [1497,410], [1497,518], [1501,1142], [1502,438], [1504,1073], [1507,703], [1507,794], [1508,768], [1511,749], [1511,980], [1512,1050], [1513,1171], [1515,407], [1518,835], [1525,522], [1526,940], [1526,1039], [1528,833], [1529,1004], [1531,960], [1533,726], [1536,707], [1536,882], [1538,456], [1540,556], [1544,448], [1555,823], [1562,856], [1564,532], [1564,829], [1565,570], [1566,611], [1572,249], [1572,690], [1573,816], [1574,539], [1574,901], [1574,1224], [1575,676], [1576,752], [1580,627], [1581,783], [1586,1181], [1587,514], [1588,292], [1588,983], [1596,1045], [1597,342], [1598,919], [1600,416], [1600,519], [1603,446], [1611,861], [1612,521], [1615,958], [1615,1076], [1616,1279], [1617,510], [1617,635], [1621,1184], [1623,519], [1627,559], [1631,751], [1631,997], [1633,563], [1633,674], [1635,778], [1638,423], [1638,756], [1643,779], [1644,671], [1650,530], [1650,960], [1651,982], [1655,995], [1658,784], [1658,811], [1662,252], [1662,941], [1665,848], [1670,561], [1672,684], [1674,856], [1676,1324], [1677,769], [1677,967], [1678,1205], [1679,32], [1680,1245], [1682,754], [1685,1020], [1686,861], [1688,1248], [1690,1218], [1691,1017], [1693,650], [1695,612], [1701,1013], [1702,584], [1706,1349], [1711,863], [1722,836], [1722,957], [1722,983], [1724,547], [1724,1009], [1727,1308], [1727,1379], [1730,1], [1734,499], [1735,1193], [1736,558], [1738,594], [1743,1239], [1750,1459], [1753,792], [1754,667], [1757,778], [1761,812], [1766,1462], [1772,557], [1778,693], [1779,982], [1782,496], [1782,1012], [1789,1296], [1792,1003], [1795,551], [1797,965], [1798,1252], [1804,1142], [1804,1170], [1808,840], [1812,816], [1815,1017], [1816,1396], [1820,1332], [1822,1311], [1825,1001], [1826,1215], [1828,1218], [1829,1253], [1833,777], [1835,1149], [1853,556], [1862,897], [1867,1060], [1869,587], [1870,587], [1890,721], [1893,741], [1895,1000], [1899,992], [1901,1285], [1902,1035], [1908,1023], [1910,1206], [1910,1449], [1918,557], [1919,777], [1919,1478], [1921,1073], [1923,450], [1923,910], [1924,1168], [1930,972], [1931,960], [1932,833], [1941,908], [1947,597], [1956,717], [1957,984], [1957,1492], [1958,938], [1958,1092], [1968,576], [1990,770], [1991,704], [2006,830], [2008,1000], [2009,724], [2013,1067], [2018,889], [2034,979], [2043,1074], [2047,972], [2052,871], [2053,1486], [2059,606], [2069,957], [2074,1132], [2077,962], [2086,817], [2087,918], [2088,901], [2089,1288], [2091,1184], [2092,1170], [2092,1285], [2114,899], [2116,1050], [2119,1285], [2126,864], [2130,817], [2153,736], [2157,1060], [2194,1230], [2209,1032], [2211,879], [2217,1276], [2231,1493], [2252,1200], [2257,938], [2279,736], [2283,966], [2302,1111], [2346,968], [2349,1302], [2352,1083], [2440,1315], [2486,1394]
            ],
      markArea: {
        silent: true,
        itemStyle: {
          color: 'transparent',
          borderWidth: 1,
          borderType: 'dashed'
        },
        data: [
          [
            {
              name: 'Wine spending data range',
              xAxis: 'min',
              yAxis: 'min'
            },
            {
              xAxis: 'max',
              yAxis: 'max'
            }
          ]
        ]
      },
      markPoint: {
        data: [
          { type: 'max', name: 'Max' },
          { type: 'min', name: 'Min' }
        ]
      },
      markLine: {
        lineStyle: {
          type: 'solid'
        },
        data: [{ type: 'average', name: 'AVG' }, { xAxis: 303 }]
      }
    },
    {
      name: 'Meat',
      type: 'scatter',
      emphasis: {
        focus: 'series'
      },
      // prettier-ignore
      data: [[5,1], [12,3], [12,5], [13,3], [13,4], [13,5], [13,6], [14,0], [14,1], [14,2], [15,2], [17,11], [18,1], [18,3], [18,4], [18,5], [18,7], [18,8], [19,1], [19,5], [19,6], [19,7], [20,1], [20,2], [20,3], [20,4], [20,5], [20,6], [30,7], [30,9], [30,10], [30,11], [31,2], [31,4], [31,5], [31,8], [31,9], [31,10], [32,2], [32,3], [32,4], [32,5], [32,6], [32,7], [32,10], [32,12], [33,7], [33,8], [33,9], [33,11], [34,3], [34,5], [34,6], [34,8], [34,13], [34,14], [34,15], [35,1], [35,2], [35,5], [35,6], [35,13], [35,19], [36,4], [36,5], [36,8], [36,10], [36,15], [36,16], [37,1], [37,8], [37,11], [37,13], [37,14], [37,16], [38,4], [38,5], [38,8], [38,10], [38,12], [38,13], [38,15], [38,20], [39,2], [39,3], [39,4], [39,6], [39,9], [39,24], [40,5], [40,9], [40,10], [44,11], [44,12], [44,13], [44,15], [44,16], [44,18], [44,19], [44,20], [45,5], [45,6], [45,8], [45,11], [45,12], [45,14], [45,16], [45,17], [45,23], [46,2], [46,6], [46,7], [46,8], [46,9], [46,12], [46,15], [46,17], [46,22], [46,24], [47,3], [47,5], [47,7], [47,10], [47,15], [47,16], [47,19], [48,7], [48,8], [48,11], [48,14], [48,15], [48,17], [48,18], [48,19], [49,2], [49,4], [53,20], [53,23], [53,29], [54,8], [54,10], [54,11], [54,13], [54,14], [54,16], [54,18], [54,23], [55,2], [55,3], [55,6], [55,7], [55,8], [55,9], [55,10], [55,12], [55,13], [55,15], [55,19], [56,12], [56,14], [56,15], [56,18], [57,4], [60,7], [60,16], [60,20], [60,23], [61,9], [61,10], [61,11], [61,12], [61,16], [61,17], [61,22], [61,25], [62,9], [62,12], [62,14], [62,16], [62,20], [62,25], [63,7], [63,8], [63,13], [63,15], [63,17], [63,18], [63,19], [63,21], [63,24], [67,6], [67,18], [67,19], [67,23], [67,25], [67,29], [68,9], [68,11], [68,12], [68,14], [68,18], [68,22], [69,10], [69,11], [69,15], [69,16], [69,20], [69,21], [69,28], [69,31], [70,5], [70,16], [70,19], [70,20], [70,26], [70,28], [71,3], [71,12], [71,15], [71,16], [71,31], [75,30], [76,15], [76,19], [76,20], [76,24], [76,29], [76,30], [77,16], [77,17], [77,20], [77,34], [78,9], [78,10], [78,12], [78,17], [78,26], [78,35], [79,11], [79,19], [79,26], [79,29], [79,31], [79,36], [87,13], [88,3], [88,13], [88,18], [88,32], [89,19], [89,24], [90,16], [90,22], [90,46], [91,19], [91,21], [91,24], [91,36], [92,16], [92,23], [92,24], [92,27], [92,30], [92,40], [93,6], [93,15], [93,17], [93,27], [94,12], [94,20], [94,29], [95,3], [95,12], [95,25], [95,29], [101,3], [101,17], [101,30], [102,9], [102,18], [102,21], [102,22], [102,24], [103,2], [103,7], [103,13], [103,16], [103,21], [103,27], [103,33], [106,16], [106,26], [106,34], [106,37], [106,40], [107,25], [108,16], [109,24], [109,43], [112,17], [112,21], [122,14], [122,15], [122,17], [122,28], [122,33], [122,37], [123,56], [124,48], [125,11], [125,27], [125,42], [126,18], [127,29], [128,38], [129,26], [129,27], [129,40], [130,19], [131,31], [131,42], [131,43], [132,11], [133,17], [133,18], [145,29], [145,31], [145,59], [146,21], [147,54], [147,67], [148,24], [149,16], [149,46], [151,16], [152,16], [152,35], [153,69], [155,28], [156,31], [156,59], [157,7], [158,21], [159,56], [160,34], [160,59], [161,44], [162,38], [162,47], [162,57], [163,61], [165,28], [165,33], [165,68], [167,50], [167,60], [169,52], [169,56], [170,29], [170,44], [182,57], [183,23], [183,33], [184,12], [184,35], [185,10], [185,25], [185,48], [186,42], [186,50], [187,21], [187,32], [188,41], [189,16], [189,59], [191,22], [191,129], [192,74], [193,62], [194,39], [195,29], [195,54], [198,37], [198,57], [199,23], [199,49], [201,83], [203,11], [205,108], [221,45], [222,39], [222,61], [222,64], [223,39], [223,99], [224,26], [225,19], [227,46], [227,75], [231,43], [231,82], [231,84], [232,32], [233,6], [233,66], [235,28], [235,40], [235,73], [235,76], [236,43], [236,73], [237,37], [237,52], [240,44], [240,97], [241,46], [241,68], [263,79], [264,26], [264,30], [264,31], [265,29], [265,46], [265,68], [265,72], [266,39], [266,44], [266,53], [267,30], [268,23], [268,76], [269,40], [269,46], [269,101], [270,53], [270,60], [270,64], [270,80], [270,128], [271,33], [290,52], [292,89], [293,113], [294,67], [296,35], [296,39], [297,31], [299,68], [299,78], [300,114], [301,28], [302,96], [304,41], [305,51], [306,18], [306,69], [309,88], [310,53], [310,65], [310,102], [311,54], [311,74], [311,99], [312,41], [312,48], [312,57], [313,130], [315,45], [315,56], [315,60], [316,73], [316,100], [317,38], [317,65], [318,44], [318,60], [343,74], [347,68], [348,103], [350,56], [350,124], [351,121], [353,47], [354,39], [357,125], [358,64], [358,131], [359,12], [361,30], [362,71], [363,24], [365,100], [367,52], [367,109], [368,25], [369,54], [393,69], [393,101], [395,61], [395,119], [396,35], [396,68], [396,77], [397,55], [397,80], [397,97], [398,90], [400,140], [401,15], [401,51], [401,119], [401,128], [401,134], [404,27], [404,73], [405,17], [405,84], [405,136], [406,42], [406,165], [407,88], [409,69], [410,92], [411,39], [424,100], [425,69], [426,54], [428,82], [429,57], [431,106], [433,23], [433,137], [434,73], [434,78], [436,57], [436,108], [437,180], [438,35], [441,31], [441,61], [442,153], [443,130], [443,206], [444,27], [444,30], [446,21], [446,26], [447,196], [448,73]
,[449,64], [449,66], [450,21], [450,74], [450,133], [454,104], [455,202], [458,26], [459,78], [460,48], [460,86], [461,85], [461,112], [461,149], [463,73], [463,89], [467,30], [467,35], [467,47], [467,64], [467,137], [467,217], [468,137], [470,64], [470,88], [473,30], [473,107], [475,44], [480,78], [482,171], [484,133], [485,204], [486,27], [486,53], [486,90], [488,127], [490,92], [491,75], [492,53], [493,24], [494,160], [495,83], [496,24], [496,143], [497,141], [497,179], [499,29], [500,38], [502,38], [504,83], [506,69], [506,84], [507,68], [507,125], [507,134], [515,112], [518,28], [518,39], [519,94], [521,83], [521,131], [523,103], [525,87], [526,24], [527,51], [528,288], [529,180], [530,39], [530,88], [534,123], [535,34], [541,59], [542,21], [542,90], [542,127], [544,102], [545,93], [545,139], [546,27], [546,124], [551,101], [556,21], [557,273], [559,124], [561,103], [561,104], [562,70], [562,88], [563,97], [564,156], [564,223], [568,32], [570,226], [573,136], [573,159], [574,122], [575,44], [576,79], [576,137], [576,149], [577,64], [577,94], [578,37], [581,203], [586,68], [586,75], [587,47], [590,164], [594,114], [595,93], [596,201], [597,65], [599,62], [601,142], [602,241], [603,192], [605,124], [606,26], [606,48], [606,83], [606,124], [608,21], [608,107], [610,64], [611,188], [612,102], [612,178], [612,214], [614,177], [615,253], [622,96], [629,125], [630,118], [632,47], [633,108], [634,259], [635,59], [636,83], [636,178], [637,3], [637,42], [637,177], [638,71], [639,216], [641,86], [641,255], [642,109], [653,106], [653,159], [653,267], [654,91], [655,134], [656,71], [656,189], [660,65], [660,133], [661,65], [661,110], [662,234], [662,252], [663,265], [664,117], [664,204], [670,107], [677,179], [679,58], [680,119], [680,156], [682,131], [683,144], [684,171], [684,235], [685,85], [685,132], [688,82], [689,126], [690,159], [691,91], [692,64], [692,197], [693,92], [694,160], [694,233], [702,172], [704,29], [704,300], [708,217], [710,230], [711,270], [714,154], [715,178], [716,98], [721,48], [724,144], [725,54], [725,189], [725,196], [726,256], [727,116], [727,133], [728,154], [728,227], [729,446], [730,65], [730,125], [731,70], [731,115], [732,56], [732,98], [733,184], [733,271], [734,70], [734,309], [735,109], [736,309], [745,124], [746,127], [746,218], [747,91], [747,100], [747,113], [749,157], [751,100], [756,369], [757,215], [758,169], [758,348], [761,82], [763,106], [764,140], [766,176], [767,136], [769,49], [770,99], [772,91], [775,30], [776,127], [777,389], [778,424], [779,238], [787,113], [789,109], [789,115], [792,62], [792,278], [793,115], [793,152], [794,151], [794,222], [795,95], [795,132], [795,137], [797,69], [797,161], [797,238], [798,92], [800,84], [801,208], [802,114], [805,280], [805,282], [809,125], [811,76], [811,106], [813,179], [813,186], [815,61], [816,350], [817,74], [818,396], [819,135], [820,177], [820,209], [823,134], [823,172], [825,92], [825,186], [825,263], [832,155], [833,305], [834,106], [835,243], [835,255], [836,132], [839,122], [841,171], [843,214], [844,480], [845,215], [849,156], [850,106], [854,85], [858,405], [859,242], [859,288], [860,142], [860,239], [860,421], [861,215], [863,291], [868,216], [868,322], [869,134], [871,132], [873,155], [874,223], [877,141], [877,184], [879,99], [882,141], [882,206], [882,215], [882,248], [884,134], [889,259], [890,166], [892,315], [893,257], [894,373], [895,114], [895,117], [899,147], [900,69], [900,177], [901,185], [902,70], [902,206], [902,230], [902,360], [903,83], [904,134], [906,125], [906,382], [907,165], [907,167], [908,100], [909,100], [910,271], [913,151], [914,232], [915,221], [916,80], [917,170], [925,512], [926,253], [926,407], [928,123], [928,124], [928,125], [928,493], [929,142], [930,215], [930,230], [932,214], [936,292], [937,160], [938,282], [939,169], [939,238], [940,204], [943,170], [943,300], [945,387], [946,157], [946,247], [948,45], [953,398], [957,53], [957,224], [960,239], [960,311], [960,372], [961,607], [963,207], [964,270], [965,249], [966,72], [967,334], [968,534], [969,292], [971,167], [971,364], [972,86], [973,133], [973,193], [974,573], [976,250], [976,265], [976,356], [978,447], [981,158], [981,298], [981,323], [982,199], [984,266], [985,359], [988,259], [989,168], [990,142], [990,162], [992,259], [993,133], [995,142], [995,267], [999,104], [1001,154], [1001,161], [1001,206], [1003,446], [1004,388], [1004,604], [1005,142], [1006,314], [1008,189], [1008,520], [1009,276], [1012,98], [1013,152], [1016,217], [1019,180], [1020,101], [1020,239], [1021,57], [1021,133], [1024,602], [1026,329], [1027,178], [1027,218], [1028,237], [1029,194], [1029,514], [1033,195], [1033,415], [1034,60], [1034,168], [1038,174], [1039,240], [1040,125], [1042,408], [1043,274], [1044,559], [1045,295], [1047,540], [1048,189], [1048,428], [1049,143], [1049,153], [1052,172], [1052,456], [1053,232], [1060,183], [1062,292], [1062,350], [1064,101], [1064,213], [1065,161], [1065,242], [1066,431], [1067,367], [1068,400], [1071,212], [1072,113], [1073,171], [1073,309], [1076,367], [1078,553], [1079,171], [1080,342], [1082,181], [1084,689], [1085,133], [1086,76], [1088,143], [1089,216], [1091,356], [1092,152], [1092,153], [1092,818], [1093,482], [1095,420], [1097,425], [1097,690], [1099,86], [1101,118], [1101,319], [1102,133], [1102,480], [1103,204], [1103,249], [1104,115], [1105,639], [1106,368], [1109,257], [1112,444], [1113,510], [1115,422], [1117,305], [1117,464], [1120,249], [1120,276], [1121,231], [1123,333], [1125,442], [1127,335], [1128,469], [1130,345], [1131,118], [1134,573], [1135,102], [1135,162], [1138,239], [1139,53], [1141,422], [1143,163], [1143,205], [1146,435], [1147,495], [1148,353], [1149,241], [1149,384], [1149,413], [1150,337], [1151,519], [1152,76], [1152,501], [1155,181], [1156,441], [1156,449], [1157,324], [1157,400], [1158,392], [1159,259], [1161,137], [1161,218], [1165,462], [1167,228], [1168,260], [1168,818], [1169,183], [1169,500], [1171,101], [1173,151], [1173,459], [1174,217], [1175,242], [1178,45], [1179,250], [1179,279], [1179,599], [1180,303], [1182,45], [1185,368], [1187,606], [1188,297], [1188,410], [1189,69], [1190,379], [1191,401], [1192,106], [1192,411], [1193,592], [1194,154], [1196,471], [1196,528], [1198,71], [1198,400], [1198,554], [1199,129], [1208,535], [1210,239], [1211,161], [1211,264], [1213,112], [1213,286], [1215,180], [1215,252], [1217,72], [1220,194], [1226,375], [1226,569], [1228,473], [1229,239], [1230,144], [1230,546], [1231,387], [1232,60], [1234,377], [1237,507], [1240,138], [1241,145], [1241,217], [1242,591], [1244,348], [1245,207], [1250,48], [1250,128], [1250,491], [1253,460], [1253,523], [1258,452], [1260,364], [1263,352], [1264,230], [1269,254], [1270,482], [1272,654], [1274,309], [1277,217], [1280,753], [1281,207]
,[1282,292], [1282,432], [1283,275], [1286,96], [1288,420], [1289,447], [1291,319], [1293,240], [1295,553], [1298,107], [1305,226], [1305,376], [1307,102], [1307,353], [1313,395], [1314,168], [1315,115], [1315,640], [1318,119], [1319,317], [1319,414], [1319,553], [1323,400], [1323,420], [1327,217], [1331,419], [1334,170], [1334,215], [1335,341], [1336,350], [1336,567], [1338,168], [1338,300], [1338,497], [1341,182], [1345,399], [1346,480], [1348,653], [1348,815], [1363,254], [1364,291], [1365,590], [1366,385], [1366,568], [1367,445], [1370,483], [1371,253], [1371,376], [1374,80], [1375,713], [1376,128], [1376,751], [1377,97], [1378,282], [1379,537], [1380,706], [1381,269], [1382,350], [1382,693], [1383,611], [1383,701], [1385,756], [1388,384], [1390,179], [1392,650], [1395,536], [1396,120], [1400,217], [1401,548], [1401,899], [1410,309], [1415,108], [1416,466], [1423,391], [1424,118], [1427,391], [1428,520], [1428,697], [1429,553], [1435,103], [1435,631], [1438,538], [1440,374], [1442,293], [1443,253], [1443,455], [1445,140], [1449,873], [1453,278], [1453,674], [1455,414], [1456,509], [1459,196], [1461,70], [1461,733], [1464,428], [1471,352], [1472,211], [1474,108], [1477,279], [1478,470], [1478,565], [1478,635], [1479,133], [1482,409], [1482,590], [1483,573], [1485,204], [1490,175], [1493,545], [1495,398], [1497,742], [1497,747], [1501,249], [1502,565], [1504,250], [1507,243], [1507,601], [1508,561], [1511,265], [1511,294], [1512,322], [1513,219], [1515,445], [1518,380], [1525,522], [1526,204], [1526,396], [1528,363], [1529,265], [1531,183], [1533,363], [1536,514], [1536,603], [1538,832], [1540,717], [1544,951], [1555,459], [1562,487], [1564,430], [1564,490], [1565,614], [1566,749], [1572,499], [1572,940], [1573,450], [1574,140], [1574,345], [1574,816], [1575,426], [1576,476], [1580,597], [1581,537], [1586,199], [1587,732], [1588,184], [1588,981], [1596,338], [1597,936], [1598,505], [1600,813], [1600,925], [1603,768], [1611,461], [1612,706], [1615,417], [1615,447], [1616,287], [1617,546], [1617,550], [1621,352], [1623,860], [1627,503], [1631,414], [1631,687], [1633,736], [1633,774], [1635,499], [1638,354], [1638,706], [1643,537], [1644,655], [1650,464], [1650,678], [1651,351], [1655,417], [1658,428], [1658,560], [1662,397], [1662,827], [1665,323], [1670,785], [1672,801], [1674,570], [1676,119], [1677,500], [1677,617], [1678,235], [1679,1607], [1680,332], [1682,625], [1685,430], [1686,558], [1688,349], [1690,272], [1691,417], [1693,780], [1695,520], [1701,399], [1702,835], [1706,249], [1711,547], [1722,389], [1722,494], [1722,575], [1724,104], [1724,812], [1727,216], [1727,396], [1730,1725], [1734,815], [1735,281], [1736,622], [1738,786], [1743,413], [1750,61], [1753,740], [1754,850], [1757,689], [1761,431], [1766,128], [1772,761], [1778,925], [1779,672], [1782,498], [1782,849], [1789,311], [1792,536], [1795,792], [1797,586], [1798,465], [1804,320], [1804,415], [1808,804], [1812,549], [1815,500], [1816,322], [1820,311], [1822,359], [1825,572], [1826,249], [1828,304], [1829,447], [1833,731], [1835,449], [1853,845], [1862,430], [1867,530], [1869,898], [1870,932], [1890,925], [1893,689], [1895,379], [1899,694], [1901,449], [1902,670], [1908,651], [1910,161], [1910,445], [1918,984], [1919,403], [1919,573], [1921,629], [1923,724], [1923,951], [1924,408], [1930,595], [1931,883], [1932,549], [1941,735], [1947,597], [1956,864], [1957,287], [1957,432], [1958,592], [1958,843], [1968,961], [1990,890], [1991,853], [2006,968], [2008,711], [2009,929], [2013,750], [2018,685], [2034,935], [2043,518], [2047,913], [2052,704], [2053,278], [2059,974], [2069,612], [2074,384], [2077,921], [2086,797], [2087,842], [2088,757], [2089,613], [2091,673], [2092,594], [2092,653], [2114,838], [2116,555], [2119,716], [2126,768], [2130,687], [2153,818], [2157,835], [2194,396], [2209,779], [2211,797], [2217,746], [2231,454], [2252,758], [2257,754], [2279,946], [2283,672], [2302,790], [2346,842], [2349,731], [2352,649], [2440,780], [2486,708]
            ],
      markArea: {
        silent: true,
        itemStyle: {
          color: 'transparent',
          borderWidth: 1,
          borderType: 'dashed'
        },
        data: [
          [
            {
              name: 'Meat spending data range',
              xAxis: 'min',
              yAxis: 'min'
            },
            {
              xAxis: 'max',
              yAxis: 'max'
            }
          ]
        ]
      },
      markPoint: {
        data: [
          { type: 'max', name: 'Max' },
          { type: 'min', name: 'Min' }
        ]
      },
      markLine: {
        lineStyle: {
          type: 'solid'
        },
        data: [{ type: 'average', name: 'Average' }, { xAxis: 164 }]
      }
    }
  ]
};
